1
 3 0 0 0 0 0 0
 0 0.02 0 0 0.40584952238026 0.40584952238026 0 0.378257978265418 0.378257978265418 3.56407660801575 -1.6328206265873 -1.63345139413844 10.4655029606067 0 0 0
1
 3 0 0 0 0 0 0
 0 0.02 1e-06 1e-06 0.40584952238026 0.40584952238026 0 0.378257978265763 0.378257978265763 3.56407660801572 -1.63282062658662 -1.63345139413893 10.4655029606055 0 0 0
1
 3 0 0 0 0 0 0
 0 0.02 0 0 0.40584952238026 0.40584952238026 0 0.378257978265418 0.378257978265418 3.56407660801575 -1.6328206265873 -1.63345139413844 10.4655029606067 0 0 0
1
 3 0 0 0 0 0 0
 0 0.02 7785.39087630083 7785.39087630083 0.40584952238026 0.40584952238026 0 0.380954815020281 0.380954815020281 3.56393992400648 -1.62719662231182 -1.63586053745864 10.4538520932382 0 0 0
1
 3 0 0 0 0 0 0
 0 0.02 0 0 0.40837044605112 0.40837044605112 0 0.380226543743346 0.380226543743346 3.56432591529838 -1.62731472776521 -1.62905884885997 10.447345668273 0 0 0
1
 3 0 0 0 0 0 0
 0 0.02 1e-06 1e-06 0.40837044605112 0.40837044605112 0 0.380226543743698 0.380226543743698 3.56432591529835 -1.62731472776452 -1.62905884886046 10.4473456682718 0 0 0
1
 3 0 0 0 0 0 0
 0 0.02 0 0 0.40837044605112 0.40837044605112 0 0.380226543743346 0.380226543743346 3.56432591529838 -1.62731472776521 -1.62905884885997 10.447345668273 0 0 0
1
 3 0 0 0 0 0 0
 0 0.02 12.1569934702581 12.1569934702581 0.40837044605112 0.40837044605112 0 0.380230816674013 0.380230816674013 3.56432557392594 -1.6273063322332 -1.62906486203013 10.4473306926131 0 0 0
1
 3 0 0 0 0 0 0
 0 0.02 0 0 0.15796117104271 0.15796117104271 0 0.194468583299581 0.194468583299581 3.49549615861878 -2.48501971738154 -2.85557256907233 13.8181218625262 0 0 0
1
 3 0 0 0 0 0 0
 0 0.02 1e-06 1e-06 0.15796117104271 0.15796117104271 0 0.194468583299607 0.194468583299607 3.49549615861877 -2.48501971738144 -2.8555725690724 13.818121862526 0 0 0
1
 3 0 0 0 0 0 0
 0 0.02 0 0 0.15796117104271 0.15796117104271 0 0.194468583299581 0.194468583299581 3.49549615861878 -2.48501971738154 -2.85557256907233 13.8181218625262 0 0 0
1
 3 0 0 0 0 0 0
 0 0.02 4582.5660840066 4582.5660840066 0.15796117104271 0.15796117104271 0 0.194586657201518 0.194586657201518 3.49547694809889 -2.48456934542764 -2.85590390920928 13.8173272727784 0 0 0
1
 3 0 0 0 0 0 0
 0 0.02 0 0 0.139911487409553 0.139911487409553 0 0.176886113601878 0.176886113601878 3.48328515393743 -2.61617515672695 -3.06331628065185 14.3537541724692 0 0 0
1
 3 0 0 0 0 0 0
 0 0.02 1e-06 1e-06 0.139911487409553 0.139911487409553 0 0.176886113601896 0.176886113601896 3.48328515393743 -2.61617515672687 -3.0633162806519 14.3537541724691 0 0 0
1
 3 0 0 0 0 0 0
 0 0.02 0 0 0.139911487409553 0.139911487409553 0 0.176886113601878 0.176886113601878 3.48328515393743 -2.61617515672695 -3.06331628065185 14.3537541724692 0 0 0
1
 3 0 0 0 0 0 0
 0 0.02 2033.787734451 2033.787734451 0.139911487409553 0.139911487409553 0 0.176923501322378 0.176923501322378 3.4832786258135 -2.61601769839726 -3.06342568444773 14.3534699304409 0 0 0
1
 3 0 0 0 0 0 0
 0 0.02 0 0 0.304998264198825 0.304998264198825 0 0.305395979573812 0.305395979573812 3.55088364240026 -1.87144205216131 -1.86834738927446 11.2969525196777 0 0 0
1
 3 0 0 0 0 0 0
 0 0.02 1e-06 1e-06 0.304998264198825 0.304998264198825 0 0.305395979573964 0.305395979573964 3.55088364240024 -1.87144205216094 -1.86834738927473 11.2969525196771 0 0 0
1
 3 0 0 0 0 0 0
 0 0.02 0 0 0.304998264198825 0.304998264198825 0 0.305395979573812 0.305395979573812 3.55088364240026 -1.87144205216131 -1.86834738927446 11.2969525196777 0 0 0
1
 3 0 0 0 0 0 0
 0 0.02 4609.66772545095 4609.66772545095 0.304998264198825 0.304998264198825 0 0.306096971457464 0.306096971457464 3.55081526948234 -1.86972410932981 -1.86957428155461 11.2938845548791 0 0 0
1
 3 0 0 0 0 0 0
 0 0.02 0 0 0.150894925492637 0.150894925492637 0 0.187782982417581 0.187782982417581 3.49091326859869 -2.5337377135183 -2.9342341937403 14.0185784775361 0 0 0
1
 3 0 0 0 0 0 0
 0 0.02 1e-06 1e-06 0.150894925492637 0.150894925492637 0 0.187782982417604 0.187782982417604 3.49091326859868 -2.53373771351821 -2.93423419374037 14.0185784775359 0 0 0
1
 3 0 0 0 0 0 0
 0 0.02 0 0 0.150894925492637 0.150894925492637 0 0.187782982417581 0.187782982417581 3.49091326859869 -2.5337377135183 -2.9342341937403 14.0185784775361 0 0 0
1
 3 0 0 0 0 0 0
 0 0.02 7902.38741081699 7902.38741081699 0.150894925492637 0.150894925492637 0 0.187962433079028 0.187962433079028 3.49088225114691 -2.533032131814 -2.93476387833377 14.0173442078688 0 0 0
1
 3 0 0 0 0 0 0
 0 0.02 0 0 0.303506101770235 0.303506101770235 0 0.304369740567851 0.304369740567851 3.55059780442607 -1.87550908666921 -1.87347696496204 11.3122496816351 0 0 0
1
 3 0 0 0 0 0 0
 0 0.02 1e-06 1e-06 0.303506101770235 0.303506101770235 0 0.304369740568001 0.304369740568001 3.55059780442605 -1.87550908666885 -1.87347696496231 11.3122496816344 0 0 0
1
 3 0 0 0 0 0 0
 0 0.02 0 0 0.303506101770235 0.303506101770235 0 0.304369740567851 0.304369740567851 3.55059780442607 -1.87550908666921 -1.87347696496204 11.3122496816351 0 0 0
1
 3 0 0 0 0 0 0
 0 0.02 2044.34166016246 2044.34166016246 0.303506101770235 0.303506101770235 0 0.304676266883527 0.304676266883527 3.55056744355418 -1.87475622708561 -1.87402188444982 11.3109124521638 0 0 0
1
 3 0 0 0 0 0 0
 0 0.02 0 0 1.95779302354796 1.95779302354796 0 1.59564976766793 1.59564976766793 3.95037210736331 1.16266032346529 -0.0999172046548917 1.94326639599168 0 0 0
1
 3 0 0 0 0 0 0
 0 0.02 1e-06 1e-06 1.95779302354796 1.95779302354796 0 1.59564976820324 1.59564976820324 3.9503721073313 1.16266032362863 -0.0999172045759858 1.9432663955044 0 0 0
1
 3 0 0 0 0 0 0
 0 0.02 0 0 1.95779302354796 1.95779302354796 0 1.59564976766793 1.59564976766793 3.95037210736331 1.16266032346529 -0.0999172046548917 1.94326639599168 0 0 0
1
 3 0 0 0 0 0 0
 0 0.02 122.6218763824 122.6218763824 1.95779302354796 1.95779302354796 0 1.66343450629158 1.66343450629158 3.94640022762495 1.18290907037117 -0.0903328248750051 1.88306014894707 0 0 0
1
 3 0 0 0 0 0 0
 0 0.02 245.2437527648 245.2437527648 1.95779302354796 1.95779302354796 0 1.73896128188218 1.73896128188218 3.94192966013571 1.20359521293497 -0.0800428896057146 1.82105485726828 0 0 0
1
 3 0 0 0 0 0 0
 0 0.02 367.865629147201 367.865629147201 1.95779302354796 1.95779302354796 0 1.82812689794543 1.82812689794543 3.93635233162327 1.22471875115668 -0.0679553423990034 1.7561584645073 0 0 0
1
 3 0 0 0 0 0 0
 0 0.02 490.487505529601 490.487505529601 1.95779302354796 1.95779302354796 0 1.93808232830273 1.93808232830273 3.92905962360745 1.2462796850363 -0.0534264758074412 1.68772726321669 0 0 0
1
 3 0 0 0 0 0 0
 0 0.02 613.109381912001 613.109381912001 1.95779302354796 1.95779302354796 0 2.07784279600121 2.07784279600121 3.91943897334352 1.26827801457383 -0.0365138810261773 1.61581884459161 0 0 0
1
 3 0 0 0 0 0 0
 0 0.02 735.731258294401 735.731258294401 1.95779302354796 1.95779302354796 0 2.25938084048755 2.25938084048755 3.90685952728554 1.29071373976927 -0.018346019535191 1.54156167011203 0 0 0
1
 3 0 2 0 0 0 0
 0 0.02 858.353134676802 858.353134676802 1.95779302354796 1.95779302354796 0 2.49971698931305 2.49971698931305 3.8906271073628 1.31358686062261 -0.00163231539969774 1.46766516384316 0 0 0
1
 3 0 2 0 0 0 0
 0 0.02 980.975011059202 980.975011059202 1.95779302354796 1.95779302354796 0 2.82529043559382 2.82529043559382 3.86986860780531 1.33689737713387 0.00857557652674268 1.39918098063858 0 0 0
1
 3 0 2 0 0 0 0
 0 0.02 1103.5968874416 1103.5968874416 1.95779302354796 1.95779302354796 0 3.28189309027992 3.28189309027992 3.84327492071493 1.36064528930304 0.00348861173223312 1.34489816501016 0 0 0
1
 3 0 2 0 0 0 0
 0 0.02 1226.218763824 1226.218763824 1.95779302354796 1.95779302354796 0 3.9590644795408 3.9590644795408 3.80858717495181 1.38483059713012 -0.0324439191502192 1.32036742632492 0 0 0
1
 3 0 2 0 0 0 0
 0 0.02 1238.60481194294 1238.60481194294 1.95779302354796 1.95779302354796 0 3.50785768842317 3.9590644795408 3.84587703329318 1.53399003049561 0.00487094199152314 0.910153981769456 0 0 0
1
 5 0 0 0 0 0 0
 0 0.02 1238.60481194394 1238.60481194394 1.95779302354796 1.95779302354796 0.198690135181454 3.50785768844587 3.9590644795408 3.84587703329291 1.53399003049451 -0.00251683549106515 0.917541759254794 0 0 0
1
 5 0 0 0 0 0 0
 0 0.02 1239.62249451294 1239.64517388024 1.9577807328881 1.9577807328881 0.199542978180623 3.67494987664069 3.9590644795408 3.83924158186414 1.50744822477941 -0.00632269763551727 0.987702135686989 0 0 0
1
 5 0 0 0 0 0 0
 0 0.02 1240.64020056503 1240.68525464286 1.95776862018797 1.95776862018797 0.200394875168195 3.84997621228345 3.9590644795408 3.83260317988494 1.48089461686262 -0.0111550935187985 1.05891855136225 0 0 0
1
 5 0 0 0 0 0 0
 0 0.02 1241.65792976089 1241.72505793087 1.95775668288296 1.95775668288296 0.20124680609336 4.03333238688278 4.03333238688278 3.82192915906338 1.45434141100353 -0.0209932018187525 1.13513967430992 0 0 0
1
 5 0 0 0 0 0 0
 0 0.02 1242.67568176608 1242.76458739609 1.95774491844499 1.95774491844499 0.202098770321285 4.22541468375623 4.22541468375623 3.80518829449325 1.42778859974609 -0.0412634515922993 1.22179195222707 0 0 0
1
 5 0 0 0 0 0 0
 0 0.02 1243.69345625097 1243.80384664362 1.95773332438198 1.95773332438198 0.202950767228301 4.42663823573907 4.42663823573907 3.78844784160576 1.40123617576458 -0.0669678420655492 1.3138774026541 0 0 0
1
 5 0 0 0 0 0 0
 0 0.02 1244.71125289062 1244.84283923242 1.95772189823738 1.95772189823738 0.20380279620172 4.63743792172279 4.63743792172279 3.77170779159485 1.37468413186147 -0.0975647114828968 1.41085438182923 0 0 0
1
 5 0 0 0 0 0 0
 0 0.02 1245.72907136482 1245.88156867584 1.95771063758965 1.95771063758965 0.204654856639649 4.85826930583593 4.85826930583593 3.75496813582234 1.34813246096523 -0.13252683493093 1.51219568251785 0 0 0
1
 5 0 0 0 0 0 0
 0 0.02 1246.7469113579 1246.9200384422 1.9576995400518 1.9576995400518 0.20550694795081 5.08960962129408 5.08960962129408 3.73822886581508 1.32158115612836 -0.171352554172982 1.61739966385209 0 0 0
1
 5 0 0 0 0 0 0
 0 0.02 1247.76477255877 1247.95825195532 1.95768860327088 1.95768860327088 0.206359069554365 5.33195880104587 5.33195880104587 3.72148997326191 1.29503021052519 -0.213573546922274 1.7259980206093 0 0 0
1
 5 0 0 0 0 0 0
 0 0.02 1248.78265465979 1248.97613405634 1.95768860327088 1.95767782492756 0.2072112208789 5.58584055718379 5.58584055718379 3.70475145002731 1.26847961747602 -0.258759589160366 1.83756054547032 0 0 0
1
 6 0 0 0 0 0 0
 0 0.02 1248.78265466079 1248.97613405734 1.95768860327088 1.95767782492756 0.20721122088 5.58584843360834 5.58584843360834 3.70475114383366 1.26847961747155 -0.25876044042698 1.8375613967481 0 0 0
1
 6 0 0 0 0 0 0
 0 0.02 1251.58628564181 1251.77976503836 1.95768860327088 1.95764213540051 0.211260757862528 5.97885701970777 5.97885701970777 3.70259497943472 1.31891300049131 -0.264776135031241 1.71749363380296 0 0 0
1
 6 0 0 0 0 0 0
 0 0.02 1254.38991662284 1254.58339601939 1.95768860327088 1.95759835228748 0.215836971805975 6.44961899348587 6.44961899348587 3.70009754209782 1.37475503529812 -0.271796312672567 1.58490872442727 0 0 0
1
 6 0 0 0 0 0 0
 0 0.02 1257.19354760386 1257.38702700041 1.95768860327088 1.9575432702152 0.221080847449346 7.02548468783813 7.02548468783813 3.69716434835547 1.43730672392964 -0.280111558338903 1.43684474851481 0 0 0
1
 6 0 0 0 0 0 0
 0 0.02 1259.99717858489 1260.19065798144 1.95768860327088 1.95747170832641 0.22719594775373 7.74887816970138 7.74887816970138 3.69365726834633 1.50840348642696 -0.290150670793509 1.2691419547261 0 0 0
1
 6 0 0 0 0 0 0
 0 0.02 1262.80080956592 1262.99428896247 1.95768860327088 1.95737470052672 0.234490813491538 8.68953030461591 8.68953030461591 3.689366412007 1.59075499971176 -0.302572602204879 1.07568510292547 0 0 0
1
 6 0 0 0 0 0 0
 0 0.02 1265.60444054694 1265.79791994349 1.95768860327088 1.95723524540015 0.243463873573333 9.97126926020776 9.97126926020776 3.68395238240106 1.68860716484216 -0.318456448240079 0.84693853613468 0 0 0
1
 6 0 0 0 0 0 0
 0 0.02 1268.40807152797 1268.60155092452 1.95768860327088 1.95701667322359 0.254994052490657 11.8387746158114 11.8387746158114 3.67681751337086 1.80918030611876 -0.339730027748548 0.566779262451642 0 0 0
1
 6 0 0 0 0 0 0
 0 0.02 1271.211702509 1271.40518190555 1.95768860327088 1.95662271396741 0.270844600365267 14.8584633610595 14.8584633610595 3.66676913699628 1.96632109074972 -0.370305600103357 0.204502873229051 0 0 0
1
 6 0 0 0 0 0 0
 0 0.02 1273.70751293929 1273.90099233584 1.95768860327088 1.9558879204865 0.291987532756482 19.8264493111659 19.8264493111659 3.6530998037397 2.16218585038937 -0.412951450447254 -0.242513175526177 0 0 0
1
 6 0 0 0 0 0 0
 0 0.02 1274.9919709629 1275.18545035945 1.95768860327088 1.95524525477902 0.308040005467371 24.4307300497603 24.4307300497603 3.64261827432421 2.3016427345639 -0.446391790692787 -0.557715045716967 0 0 0
1
 6 0 0 0 0 0 0
 0 0.02 1275.78962459102 1275.98310398757 1.95768860327088 1.95463732904174 0.321341874550567 28.8671223708135 28.8671223708135 3.63392505076009 2.41180393689971 -0.474566494536688 -0.804943347712584 0 0 0
1
 6 0 0 0 0 0 0
 0 0.02 1276.33606938742 1276.52954878397 1.95768860327088 1.95404552345564 0.332844184090946 33.2065014420391 33.2065014420391 3.62642571141769 2.50344583659903 -0.499166420693801 -1.00944817080377 0 0 0
1
 6 0 0 0 0 0 0
 0 0.02 1276.73450524516 1276.92798464171 1.95768860327088 1.95346147942948 0.343051563180113 37.4830943134732 37.4830943134732 3.61979719923563 2.58215641567726 -0.540462527266602 -1.16492851192655 0 0 0
1
 6 0 0 0 0 0 0
 0 0.02 1276.81896447005 1277.0124438666 1.95768860327088 1.95332858142243 0.345473136040721 38.562087787853 38.562087787853 3.61821696715164 2.60048569394514 -0.557394248603336 -1.19381998625951 0 0 0
1
 7 0 0 0 0 0 0
 0 0.02 1276.81896447105 1277.0124438676 1.95768860327088 1.95332858142243 0.34547313605579 9.55152996271348 9.55152996271348 3.68589564294137 1.6590252039111 -0.312728861905988 0.91516585212823 0 0 0
1
 7 0 0 0 0 0 0
 0 0.02 1299.27584651606 1299.46932591261 1.95768860327088 1.95232200928523 0.364586630268846 9.55941855294251 9.55941855294251 3.68616239411914 1.66080927850455 -0.31194492145996 0.909921725198579 0 0 0
1
 7 0 0 0 0 0 0
 0 0.02 1321.73272856107 1321.92620795762 1.95768860327088 1.95128942781904 0.383700124481901 9.61565490331759 9.61565490331759 3.68696574235795 1.66911745385618 -0.309587366757032 0.886793732116571 0 0 0
1
 7 0 0 0 0 0 0
 0 0.02 1344.18961060608 1344.38309000263 1.95768860327088 1.95019617585643 0.402813618694957 9.76846509919449 9.76846509919449 3.68797169217759 1.68683617447319 -0.306642405789067 0.839551969606104 0 0 0
1
 7 0 0 0 0 0 0
 0 0.02 1366.6464926511 1366.83997204765 1.95768860327088 1.94898964618103 0.421927112908013 10.0721286472807 10.0721286472807 3.68864407877781 1.71611559089908 -0.304678437797335 0.764389460549639 0 0 0
1
 7 0 0 0 0 0 0
 0 0.02 1389.10337469611 1389.29685409266 1.95768860327088 1.94758897447841 0.441040607121068 10.592742806073 10.592742806073 3.68836110072998 1.7587580056037 -0.305504547321326 0.658609533312069 0 0 0
1
 7 0 0 0 0 0 0
 0 0.02 1411.56025674112 1411.75373613767 1.95768860327088 1.94586369945634 0.460154101334124 11.4190080113014 11.4190080113014 3.68644857706168 1.81634781091626 -0.311104491877041 0.520234964586385 0 0 0
1
 7 0 0 0 0 0 0
 0 0.02 1434.01713878613 1434.21061818268 1.95768860327088 1.94359018853794 0.47926759554718 12.6798505859709 12.6798505859709 3.68219771287413 1.89031587093811 -0.323653033444979 0.3478633560997 0 0 0
1
 7 0 0 0 0 0 0
 0 0.02 1456.47402083115 1456.66750022769 1.95768860327088 1.94035919810243 0.498381089760235 14.5741660981207 14.5741660981207 3.67487825631126 1.98197720214695 -0.345576383714401 0.140633378347028 0 0 0
1
 7 0 0 0 0 0 0
 0 0.02 1478.93090287616 1479.12438227271 1.95768860327088 1.93536834148197 0.517494583973291 17.4229802175855 17.4229802175855 3.66375342392209 2.09255533009769 -0.379613930823114 -0.10177439442111 0 0 0
1
 7 0 0 0 0 0 0
 0 0.02 1501.38778492017 1501.58126431672 1.95768860327088 1.92692424459366 0.536608078185496 21.7639770842289 21.7639770842289 3.64810646492036 2.22319912697025 -0.428806692543317 -0.379191124882302 0 0 0
1
 8 0 0 0 0 0 0
 0 0.02 1501.38778492117 1501.58126431772 1.95768860327088 1.92692424459366 0.536608078185922 21.7432253170471 21.7639770842289 3.64810646493509 2.2231991270292 -0.428806692496315 -0.379191125076676 0 0 0
1
 8 0 0 0 0 0 0
 0 0.02 1501.77678889761 1501.97026829416 1.95768860327088 1.92675005740823 0.536608078185922 23.2461698300337 23.2461698300337 3.64513646002204 2.2685454000926 -0.43830298651726 -0.483060513714233 0 0 0
1
 8 0 0 0 0 0 0
 0 0.02 1502.11031471469 1502.30379411124 1.95768860327088 1.92657479257902 0.536608078185922 24.7470853250604 24.7470853250604 3.64212294689674 2.31083664640959 -0.447986798216121 -0.579104817807848 0 0 0
1
 8 0 0 0 0 0 0
 0 0.02 1502.39918672542 1502.59266612197 1.95768860327088 1.92639839629399 0.536608078185922 26.2468909275488 26.2468909275488 3.63925237531196 2.35046198159623 -0.457255377720298 -0.668899576270284 0 0 0
1
 8 0 0 0 0 0 0
 0 0.02 1502.65160561156 1502.84508500811 1.95768860327088 1.92622083656999 0.536608078185922 27.7459420529244 27.7459420529244 3.63651088888309 2.3877392527536 -0.466146266443347 -0.753201865440652 0 0 0
1
 8 0 0 0 0 0 0
 0 0.02 1502.87389927902 1503.06737867557 1.95768860327088 1.92604209415043 0.536608078185922 29.244516587189 29.244516587189 3.6338866335811 2.42293217541497 -0.474691837374185 -0.832638601163246 0 0 0
1
 8 0 0 0 0 0 0
 0 0.02 1503.07102616879 1503.26450556534 1.95768860327088 1.92586215898476 0.536608078185922 30.742833918084 30.742833918084 3.63136937828669 2.45626205830593 -0.482920242814407 -0.90773490295043 0 0 0
1
 8 0 0 0 0 0 0
 0 0.02 1503.24692487339 1503.44040426994 1.95768860327088 1.92568102774402 0.536608078185922 32.2410686511199 32.2410686511199 3.62895022316685 2.48791649673195 -0.490856147463906 -0.978935094365964 0 0 0
1
 8 0 0 0 0 0 0
 0 0.02 1503.40476211343 1503.59824150998 1.95768860327088 1.92549870203767 0.536608078185922 33.7393606696795 33.7393606696795 3.62662137216416 2.51805593372185 -0.49852130399116 -1.04661853031346 0 0 0
1
 8 0 0 0 0 0 0
 0 0.02 1503.54711191459 1503.74059131114 1.95768860327088 1.92531518711469 0.536608078185922 35.2378226319806 35.2378226319806 3.62437595310224 2.54681869024616 -0.505935011023346 -1.11111171459206 0 0 0
1
 8 0 0 0 0 0 0
 0 0.02 1503.67608723902 1503.86956663557 1.95768860327088 1.92513049090585 0.536608078185922 36.7365456373279 36.7365456373279 3.62220787372946 2.57432487605606 -0.515931347197965 -1.16988084294217 0 0 0
1
 8 0 0 0 0 0 0
 0 0.02 1503.79343814321 1503.98691753976 1.95768860327088 1.92494462330978 0.536608078185922 38.2356035629397 38.2356035629397 3.62011170527919 2.60067946864535 -0.537172962440842 -1.21452570917253 0 0 0
1
 8 0 0 0 0 0 0
 0 0.02 1503.90062597138 1504.09410536792 1.95768860327088 1.92475759565604 0.536608078185922 39.7350564209691 39.7350564209691 3.61808258737092 2.62597476490233 -0.558865057489466 -1.25607185476636 0 0 0
1
 8 0 0 0 0 0 0
 0 0.02 1503.9988801297 1504.19235952625 1.95768860327088 1.9245694202983 0.536608078185922 41.2349529836669 41.2349529836669 3.61611614965577 2.65029235342882 -0.58094066800297 -1.29479021556907 0 0 0
1
 8 0 0 0 0 0 0
 0 0.02 1504.08924202268 1504.28272141923 1.95768860327088 1.92438011030412 0.536608078185922 42.735332855225 42.735332855225 3.61420844673901 2.67370471618022 -0.603339414491203 -1.33092237595935 0 0 0
1
 8 0 0 0 0 0 0
 0 0.02 1504.1725994074 1504.36607880395 1.95768860327088 1.92418967921735 0.536608078185922 44.2362281206979 44.2362281206979 3.61235590373176 2.6962765402987 -0.626006853512901 -1.36468449723386 0 0 0
1
 8 0 0 0 0 0 0
 0 0.02 1504.24971351222 1504.44319290876 1.95768860327088 1.92399814087552 0.536608078185922 45.7376646683457 45.7376646683457 3.61055527038721 2.71806580108333 -0.648893900263424 -1.3962706024449 0 0 0
1
 8 0 0 0 0 0 0
 0 0.02 1504.32124063291 1504.51472002946 1.95768860327088 1.92380550926914 0.536608078185922 47.2396632575182 47.2396632575182 3.60880358222637 2.73912466255149 -0.671956312550189 -1.42585534382852 0 0 0
1
 8 0 0 0 0 0 0
 0 0.02 1504.38774947162 1504.58122886817 1.95768860327088 1.92361179843334 0.536608078185922 48.7422403865531 48.7422403865531 3.60709812739737 2.75950023137288 -0.69515422810482 -1.45359635032738 0 0 0
1
 8 0 0 0 0 0 0
 0 0.02 1504.44973516377 1504.64321456032 1.95768860327088 1.92341702236447 0.536608078185922 50.2454090022844 50.2454090022844 3.60543641827069 2.7792351920056 -0.718451748640022 -1.47963623137399 0 0 0
1
 8 0 0 0 0 0 0
 0 0.02 1504.50763070607 1504.70111010262 1.95768860327088 1.9232211949561 0.536608078185922 51.7491790831928 51.7491790831928 3.60381616697131 2.79836834487415 -0.741816565166381 -1.504104297019 0 0 0
1
 8 0 0 0 0 0 0
 0 0.02 1504.56181632891 1504.75529572546 1.95768860327088 1.92302432995024 0.536608078185922 53.2535581210724 53.2535581210724 3.60223526420368 2.81693506487243 -0.765219619938531 -1.52711804224253 0 0 0
1
 8 0 0 0 0 0 0
 0 0.02 1504.61262723047 1504.80610662702 1.95768860327088 1.92282644090044 0.536608078185922 54.7585515206845 54.7585515206845 3.60069176084569 2.83496769397542 -0.788634801070558 -1.54878443386799 0 0 0
1
 8 0 0 0 0 0 0
 0 0.02 1504.66035999625 1504.8538393928 1.95768860327088 1.92262754114431 0.536608078185922 56.2641629327753 56.2641629327753 3.59918385188386 2.85249587903329 -0.812038666396152 -1.56920103118706 0 0 0
1
 8 0 0 0 0 0 0
 0 0.02 1504.70527795653 1504.89875735308 1.95768860327088 1.92242764378341 0.536608078185922 57.770394532594 57.770394532594 3.59770986233755 2.8695468637036 -0.835410193582514 -1.58845696567648 0 0 0
1
 8 0 0 0 0 0 0
 0 0.02 1504.74761568068 1504.94109507723 1.95768860327088 1.92222676166896 0.536608078185922 59.277247253714 59.277247253714 3.59626823488089 2.88614574181349 -0.858730553867749 -1.60663380066597 0 0 0
1
 8 0 0 0 0 0 0
 0 0.02 1504.7875827656 1504.98106216215 1.95768860327088 1.92202490739226 0.536608078185922 60.78472098489 60.78472098489 3.59485751892021 2.90231567812141 -0.881982907089884 -1.62380628821365 0 0 0
1
 8 0 0 0 0 0 0
 0 0.02 1504.82536704402 1505.01884644057 1.95768860327088 1.9218220932787 0.536608078185922 62.2928147363709 62.2928147363709 3.59347636092427 2.91807810139701 -0.905152215934326 -1.64004303755821 0 0 0
1
 8 0 0 0 0 0 0
 0 0.02 1504.8611373133 1505.05461670985 1.95768860327088 1.92161833138466 0.536608078185922 63.8015267807095 63.8015267807095 3.5921234958373 2.9334528738897 -0.928225077543767 -1.65540710718049 0 0 0
1
 8 0 0 0 0 0 0
 0 0.02 1504.89504566591 1505.08852506246 1.95768860327088 1.92141363349675 0.536608078185922 65.3108547723327 65.3108547723327 3.59079773943109 2.94845844057512 -0.951189570828517 -1.66995653060929 0 0 0
1
 8 0 0 0 0 0 0
 0 0.02 1504.92722948773 1505.12070888428 1.95768860327088 1.92120801113276 0.536608078185922 66.8207958492595 66.8207958492595 3.58949798147457 2.96311196101229 -0.974035117981379 -1.68374478454935 0 0 0
1
 8 0 0 0 0 0 0
 0 0.02 1504.95781317778 1505.15129257433 1.95768860327088 1.92100147554407 0.536608078185922 68.3313467198379 68.3313467198379 3.58822317961726 2.97742942619186 -0.99675235885104 -1.69682120662861 0 0 0
1
 8 0 0 0 0 0 0
 0 0.02 1504.98690963355 1505.1803890301 1.95768860327088 1.92079403771909 0.536608078185922 69.8425037367653 69.8425037367653 3.58697235389822 2.99142576238248 -1.01933303695812 -1.70923136899808 0 0 0
1
 8 0 0 0 0 0 0
 0 0.02 1505.01462153815 1505.2081009347 1.95768860327088 1.92058570838762 0.536608078185922 71.3542629604731 71.3542629604731 3.58574458180454 3.0051149236775 -1.04176989605919 -1.72101741313456 0 0 0
1
 8 0 0 0 0 0 0
 0 0.02 1505.04104247951 1505.23452187606 1.95768860327088 1.92037649802571 0.536608078185922 72.8666202133208 72.8666202133208 3.58453899381431 3.01850997468662 -1.06405658626504 -1.73221835045152 0 0 0
1
 8 0 0 0 0 0 0
 0 0.02 1505.06625792635 1505.25973732289 1.95768860327088 1.92016641686109 0.536608078185922 74.3795711261311 74.3795711261311 3.58335476936752 3.03162316460881 -1.08618757881953 -1.74287033270251 0 0 0
1
 8 0 0 0 0 0 0
 0 0.02 1505.09034608186 1505.28382547841 1.95768860327088 1.91995547487886 0.536608078185922 75.8931111780751 75.8931111780751 3.58219113321634 3.04446599374285 -1.10815808872665 -1.75300689563047 0 0 0
1
 8 0 0 0 0 0 0
 0 0.02 1505.11337863262 1505.30685802917 1.95768860327088 1.91974368182747 0.536608078185922 77.4072357308869 77.4072357308869 3.58104735211223 3.05704927334475 -1.12996400449244 -1.76265917886944 0 0 0
1
 8 0 0 0 0 0 0
 0 0.02 1505.13542140719 1505.32890080374 1.95768860327088 1.91953104722478 0.536608078185922 78.9219400582836 78.9219400582836 3.57992273179304 3.06938317961657 -1.15160182431887 -1.77185612472254 0 0 0
1
 8 0 0 0 0 0 0
 0 0.02 1505.15653495698 1505.35001435353 1.95768860327088 1.9193175803642 0.536608078185922 80.4372193712119 80.4372193712119 3.57881661423791 3.08147730250403 -1.17306859814793 -1.78062465811215 0 0 0
1
 8 0 0 0 0 0 0
 0 0.02 1505.17677506973 1505.37025446628 1.95768860327088 1.91910329032088 0.536608078185922 81.9530688395023 81.9530688395023 3.57772837516155 3.0933406898914 -1.19436187501161 -1.78898984971688 0 0 0
1
 8 0 0 0 0 0 0
 0 0.02 1505.19619322455 1505.3896726211 1.95768860327088 1.91888818595785 0.536608078185922 83.4694836104659 83.4694836104659 3.57665742172326 3.1049818877056 -1.21547965519587 -1.79697506406812 0 0 0
1
 8 0 0 0 0 0 0
 0 0.02 1505.21483699609 1505.40831639264 1.95768860327088 1.91867227593211 0.536608078185922 84.9864588248444 84.9864588248444 3.57560319042873 3.1164089763763 -1.23642034677231 -1.80460209416845 0 0 0
1
 8 0 0 0 0 0 0
 0 0.02 1505.23275041436 1505.42622981091 1.95768860327088 1.91845556870059 0.536608078185922 86.5039896303758 86.5039896303758 3.57456514520543 3.12762960404171 -1.25718272609206 -1.81189128401221 0 0 0
1
 8 0 0 0 0 0 0
 0 0.02 1505.24997428567 1505.44345368222 1.95768860327088 1.91823807252608 0.536608078185922 88.0220711935159 88.0220711935159 3.57354277563436 3.13865101684445 -1.27776590187922 -1.81886164023191 0 0 0
1
 8 0 0 0 0 0 0
 0 0.02 1505.26654647962 1505.46002587617 1.95768860327088 1.91801979548294 0.536608078185922 89.5406987093049 89.5406987093049 3.57253559532335 3.14948008661682 -1.29816928258867 -1.82553093395337 0 0 0
1
 8 0 0 0 0 0 0
 0 0.02 1505.28250218605 1505.4759815826 1.95768860327088 1.91780074546279 0.536608078185922 91.0598674098158 91.0598674098158 3.57154314040806 3.16012333622212 -1.31839254673058 -1.83191579382471 0 0 0
1
 8 0 0 0 0 0 0
 0 0.02 1505.29787414575 1505.4913535423 1.95768860327088 1.91758093017994 0.536608078185922 92.5795725712612 92.5795725712612 3.57056496816916 3.17058696278591 -1.33843561588819 -1.83803179107659 0 0 0
1
 8 0 0 0 0 0 0
 0 0.02 1505.31269285781 1505.50617225436 1.95768860327088 1.91736035717671 0.536608078185922 94.0998095200133 94.0998095200133 3.56960065575465 3.1808768590251 -1.35829863018321 -1.84389351737952 0 0 0
1
 8 0 0 0 0 0 0
 0 0.02 1505.32698676645 1505.520466163 1.95768860327088 1.91713903382867 0.536608078185922 95.6205736376357 95.6205736376357 3.56864979899799 3.19099863285856 -1.37798192596482 -1.84951465618157 0 0 0
1
 8 0 0 0 0 0 0
 0 0.02 1505.34078242951 1505.53426182606 1.95768860327088 1.9169169673496 0.536608078185922 97.1418603650262 97.1418603650262 3.5677120113235 3.2009576254629 -1.39748601551929 -1.85490804813796 0 0 0
1
 8 0 0 0 0 0 0
 0 0.02 1505.35410467084 1505.54758406739 1.95768860327088 1.91669416479641 0.536608078185922 98.6636652059084 98.6636652059084 3.56678692273124 3.21075892791966 -1.4168115686182 -1.86008575118096 0 0 0
1
 8 0 0 0 0 0 0
 0 0.02 1505.36697671812 1505.56045611467 1.95768860327088 1.9164706330738 0.536608078185922 100.185983729517 100.185983729517 3.56587417885468 3.2204073965825 -1.43595939573547 -1.86505909572077 0 0 0
1
 8 0 0 0 0 0 0
 0 0.02 1505.37942032796 1505.57289972451 1.95768860327088 1.91624637893887 0.536608078185922 101.708811572915 101.708811572915 3.56497344008475 3.22990766728272 -1.4549304327866 -1.8698387354202 0 0 0
1
 8 0 0 0 0 0 0
 0 0.02 1505.39145589936 1505.58493529591 1.95768860327088 1.91602140900548 0.536608078185922 103.232144442742 103.232144442742 3.56408438075488 3.23926416847555 -1.4737257272494 -1.87443469393948 0 0 0
1
 8 0 0 0 0 0 0
 0 0.02 1505.40310257701 1505.59658197356 1.95768860327088 1.91579572974854 0.536608078185922 104.755978116452 104.755978116452 3.56320668838187 3.24848113342048 -1.49234642554209 -1.87885640800911 0 0 0
1
 8 0 0 0 0 0 0
 0 0.02 1505.41437834526 1505.60785774181 1.95768860327088 1.91556934750816 0.536608078185922 106.280308443292 106.280308443292 3.56234006295813 3.2575626114807 -1.51079376154786 -1.88311276715389 0 0 0
1
 8 0 0 0 0 0 0
 0 0.02 1505.4253001139 1505.61877951045 1.95768860327088 1.91534226849353 0.536608078185922 107.80513134499 107.80513134499 3.56148421629097 3.26651247861672 -1.52906904618255 -1.88721215035924 0 0 0
1
 8 0 0 0 0 0 0
 0 0.02 1505.43588379646 1505.62936319301 1.95768860327088 1.91511449878687 0.536608078185922 109.33044281605 109.33044281605 3.56063887138545 3.2753344471413 -1.54717365791056 -1.89116245994268 0 0 0
1
 8 0 0 0 0 0 0
 0 0.02 1505.44614438179 1505.63962377834 1.95768860327088 1.91488604434705 0.536608078185922 110.856238923906 110.856238923906 3.55980376186721 3.28403207479842 -1.5651090341267 -1.89497115286934 0 0 0
1
 8 0 0 0 0 0 0
 0 0.02 1505.45609599961 1505.64957539616 1.95768860327088 1.91465691101322 0.536608078185922 112.382515808771 112.382515808771 3.55897863144231 3.29260877322069 -1.58287666332505 -1.89864526972669 0 0 0
1
 8 0 0 0 0 0 0
 0 0.02 1505.46575198061 1505.65923137716 1.95768860327088 1.91442710450825 0.536608078185922 113.90926968343 113.90926968343 3.55816323339105 3.30106781581685 -1.6004780779873 -1.90219146155483 0 0 0
1
 8 0 0 0 0 0 0
 0 0.02 1505.47512491159 1505.66860430814 1.95768860327088 1.91419663044205 0.536608078185922 115.436496832765 115.436496832765 3.55735733009354 3.3094123451334 -1.61791484812422 -1.90561601470929 0 0 0
1
 8 0 0 0 0 0 0
 0 0.02 1505.48422668613 1505.67770608268 1.95768860327088 1.91396549431478 0.536608078185922 116.964193613285 116.964193613285 3.55656069258428 3.31764537973348 -1.63518857541543 -1.90892487391827 0 0 0
1
 8 0 0 0 0 0 0
 0 0.02 1505.4930685512 1505.68654794775 1.95768860327088 1.91373370152001 0.536608078185922 118.492356452325 118.492356452325 3.55577310013403 3.32576982062838 -1.65230088789061 -1.91212366368034 0 0 0
1
 8 0 0 0 0 0 0
 0 0.02 1505.50166115009 1505.69514054664 1.95768860327088 1.91350125734763 0.536608078185922 120.020981847401 120.020981847401 3.55499433985661 3.33378845729878 -1.66925343510982 -1.91521770813713 0 0 0
1
 8 0 0 0 0 0 0
 0 0.02 1505.510014562 1505.70349395855 1.95768860327088 1.91326816698682 0.536608078185922 121.550066365347 121.550066365347 3.55422420633906 3.34170397333465 -1.68604788379469 -1.91821204954194 0 0 0
1
 8 0 0 0 0 0 0
 0 0.02 1505.5181383385 1505.71161773505 1.95768860327088 1.91303443552878 0.536608078185922 123.079606641397 123.079606641397 3.55346250129356 3.34951895172323 -1.70268591387254 -1.92111146543553 0 0 0
1
 8 0 0 0 0 0 0
 0 0.02 1505.52604153736 1505.71952093391 1.95768860327088 1.91280006796949 0.536608078185922 124.60959937817 124.60959937817 3.55270903322943 3.35723587981083 -1.71916921489681 -1.92392048463027 0 0 0
1
 8 0 0 0 0 0 0
 0 0.02 1505.53373275367 1505.72721215022 1.95768860327088 1.91256506921224 0.536608078185922 126.140041344746 126.140041344746 3.55196361714382 3.36485715396319 -1.73549948281242 -1.92664340209556 0 0 0
1
 8 0 0 0 0 0 0
 0 0.02 1505.54122014874 1505.73469954529 1.95768860327088 1.9123294440702 0.536608078185922 127.670929375594 127.670929375594 3.55122607423005 3.37238508394494 -1.75167841703371 -1.92928429282865 0 0 0
1
 8 0 0 0 0 0 0
 0 0.02 1505.5485114769 1505.74199087345 1.95768860327088 1.91209319726881 0.536608078185922 129.202260369455 129.202260369455 3.55049623160213 3.37982189703862 -1.7677077178082 -1.93184702478834 0 0 0
1
 8 0 0 0 0 0 0
 0 0.02 1505.55561411025 1505.74909350679 1.95768860327088 1.91185633344814 0.536608078185922 130.734031288346 130.734031288346 3.54977392203452 3.38716974192246 -1.78358908384322 -1.93433527096292 0 0 0
1
 8 0 0 0 0 0 0
 0 0.02 1505.56253506171 1505.75601445826 1.95768860327088 1.91161885716516 0.536608078185922 132.266239156302 132.266239156302 3.54905898371619 3.39443069232184 -1.79932421016821 -1.9367525206364 0 0 0
1
 8 0 0 0 0 0 0
 0 0.02 1505.56928100646 1505.76276040301 1.95768860327088 1.9113807728959 0.536608078185922 133.798881058418 133.798881058418 3.54835126001782 3.40160675045265 -1.81491478621782 -1.93910208991381 0 0 0
1
 8 0 0 0 0 0 0
 0 0.02 1505.57585830178 1505.76933769833 1.95768860327088 1.91114208503761 0.536608078185922 135.33195413958 135.33195413958 3.54765059927158 3.40869985026779 -1.83036249411052 -1.94138713155896 0 0 0
1
 8 0 0 0 0 0 0
 0 0.02 1505.58227300558 1505.77575240213 1.95768860327088 1.91090279791075 0.536608078185922 136.865455603446 136.865455603446 3.54695685456248 3.41571186052275 -1.84566900711084 -1.94361064419604 0 0 0
1
 8 0 0 0 0 0 0
 0 0.02 1505.58853089366 1505.78201029021 1.95768860327088 1.91066291576101 0.536608078185922 138.399382711239 138.399382711239 3.54626988353062 3.42264458767022 -1.86083598825517 -1.94577548092039 0 0 0
1
 8 0 0 0 0 0 0
 0 0.02 1505.59463747579 1505.78811687234 1.95768860327088 1.91042244276119 0.536608078185922 139.933732780647 139.933732780647 3.54558954818372 3.42949977859633 -1.87586508912944 -1.94788435736139 0 0 0
1
 8 0 0 0 0 0 0
 0 0.02 1505.60059801065 1505.7940774072 1.95768860327088 1.91018138301306 0.536608078185922 141.468503184674 141.468503184674 3.54491571471922 3.43627912320809 -1.89075794878387 -1.94993985923636 0 0 0
1
 8 0 0 0 0 0 0
 0 0.02 1505.6064175199 1505.79989691645 1.95768860327088 1.90993974054915 0.536608078185922 143.003691350654 143.003691350654 3.5442482533553 3.44298425688265 -1.90551619277484 -1.9519444494318 0 0 0
1
 8 0 0 0 0 0 0
 0 0.02 1505.61210080121 1505.80558019776 1.95768860327088 1.90969751933445 0.536608078185922 144.539294758982 144.539294758982 3.54358703817059 3.44961676278506 -1.92014143231827 -1.95390047464439 0 0 0
1
 8 0 0 0 0 0 0
 0 0.02 1505.6176524405 1505.81113183705 1.95768860327088 1.90945472326816 0.536608078185922 146.075310942075 146.075310942075 3.54293194695161 3.45617817406524 -1.93463526354976 -1.95581017161334 0 0 0
1
 8 0 0 0 0 0 0
 0 0.02 1505.6230768234 1505.81655621995 1.95768860327088 1.90921135618519 0.536608078185922 147.611737483414 147.611737483414 3.54228286104782 3.46266997594086 -1.94899926688023 -1.95767567297192 0 0 0
1
 8 0 0 0 0 0 0
 0 0.02 1505.62837814591 1505.82185754246 1.95768860327088 1.90896742185784 0.536608078185922 149.148572016256 149.148572016256 3.54163966523373 3.46909360767158 -1.96323500643518 -1.95949901274378 0 0 0
1
 8 0 0 0 0 0 0
 0 0.02 1505.63356042451 1505.82703982106 1.95768860327088 1.90872292399724 0.536608078185922 150.685812222875 150.685812222875 3.54100224757754 3.47545046443484 -1.97734402957763 -1.96128213150946 0 0 0
1
 8 0 0 0 0 0 0
 0 0.02 1505.63862750549 1505.83210690204 1.95768860327088 1.90847786625486 0.536608078185922 152.223455833357 152.223455833357 3.54037049931613 3.48174189910502 -1.99132786649871 -1.96302688126384 0 0 0
1
 8 0 0 0 0 0 0
 0 0.02 1505.64358307386 1505.83706247041 1.95768860327088 1.90823225222393 0.536608078185922 153.761500624536 153.761500624536 3.53974431473604 3.48796922394438 -2.00518802987468 -1.96473502998626 0 0 0
1
 8 0 0 0 0 0 0
 0 0.02 1505.64843066155 1505.8419100581 1.95768860327088 1.90798608544081 0.536608078185922 155.299944419102 155.299944419102 3.53912359105983 3.49413371221088 -2.01892601458496 -1.96640826594224 0 0 0
1
 8 0 0 0 0 0 0
 0 0.02 1505.65317365527 1505.84665305182 1.95768860327088 1.90773936938631 0.536608078185922 156.838785084681 156.838785084681 3.53850822833774 3.50023659968722 -2.03254329748371 -1.96804820173434 0 0 0
1
 8 0 0 0 0 0 0
 0 0.02 1505.65781530378 1505.85129470033 1.95768860327088 1.90749210748702 0.536608078185922 158.378020532736 158.378020532736 3.5378981293445 3.5062790861348 -2.04604133721869 -1.96965637811832 0 0 0
1
 8 0 0 0 0 0 0
 0 0.02 1505.66235872481 1505.85583812135 1.95768860327088 1.90724430311655 0.536608078185922 159.917648717728 159.917648717728 3.53729319948062 3.51226233667895 -2.05942157409684 -1.97123426760055 0 0 0
1
 8 0 0 0 0 0 0
 0 0.02 1505.66680691148 1505.86028630803 1.95768860327088 1.90699595959673 0.536608078185922 161.457667636202 161.457667636202 3.53669334667818 3.51818748312779 -2.07268542998935 -1.97278327783011 0 0 0
1
 8 0 0 0 0 0 0
 0 0.02 1505.67116273849 1505.86464213504 1.95768860327088 1.90674708019884 0.536608078185922 162.998075325727 162.998075325727 3.536098481311 3.52405562522834 -2.08583430827191 -1.97430475479895 0 0 0
1
 8 0 0 0 0 0 0
 0 0.02 1505.67542896777 1505.86890836432 1.95768860327088 1.90649766814468 0.536608078185922 164.538869864287 164.538869864287 3.53550851610842 3.52986783186572 -2.09886959380161 -1.9757999858627 0 0 0
1
 8 0 0 0 0 0 0
 0 0.02 1505.67960825395 1505.8730876505 1.95768860327088 1.90624772660776 0.536608078185922 166.080049369169 166.080049369169 3.53492336607326 3.53562514220475 -2.11179265291936 -1.97727020259252 0 0 0
1
 8 0 0 0 0 0 0
 0 0.02 1505.68370314948 1505.87718254603 1.95768860327088 1.90599725871434 0.536608078185922 167.621611996181 167.621611996181 3.5343429484031 3.54132856678058 -2.12460483348184 -1.97871658346961 0 0 0
1
 8 0 0 0 0 0 0
 0 0.02 1505.68771610942 1505.88119550597 1.95768860327088 1.90574626754448 0.536608078185922 169.163555938901 169.163555938901 3.53376718241497 3.54697908853967 -2.13730746491773 -1.98014025643145 0 0 0
1
 8 0 0 0 0 0 0
 0 0.02 1505.69164949602 1505.88512889257 1.95768860327088 1.90549475613303 0.536608078185922 170.70587942794 170.70587942794 3.53319598947329 3.55257766383407 -2.14990185830577 -1.98154230127941 0 0 0
1
 8 0 0 0 0 0 0
 0 0.02 1505.695505583 1505.88898497955 1.95768860327088 1.90524272747067 0.536608078185922 172.248580729826 172.248580729826 3.53262929292095 3.55812522336976 -2.16238930646906 -1.98292375195534 0 0 0
1
 8 0 0 0 0 0 0
 0 0.02 1505.69928655963 1505.89276595618 1.95768860327088 1.90499018450484 0.536608078185922 173.791658146591 173.791658146591 3.53206701801309 3.56362267311563 -2.17477108409245 -1.98428559869662 0 0 0
1
 8 0 0 0 0 0 0
 0 0.02 1505.70299453459 1505.89647393114 1.95768860327088 1.90473713014068 0.536608078185922 175.335110014752 175.335110014752 3.53150909185383 3.56907089517036 -2.18704844785048 -1.98562879007541 0 0 0
1
 8 0 0 0 0 0 0
 0 0.02 1505.70663153959 1505.90011093614 1.95768860327088 1.9044835672419 0.536608078185922 176.878934704761 176.878934704761 3.53095544333542 3.57447074859325 -2.19922263655287 -1.98695423493026 0 0 0
1
 8 0 0 0 0 0 0
 0 0.02 1505.71019953281 1505.90367892936 1.95768860327088 1.9042294986317 0.536608078185922 178.423130620289 178.423130620289 3.53040600308001 3.57982307019863 -2.21129487130073 -1.98826280419586 0 0 0
1
 8 0 0 0 0 0 0
 0 0.02 1505.71370040219 1505.90717979874 1.95768860327088 1.90397536908069 0.536608078185922 179.838714194996 179.838714194996 3.5299055603526 3.5846853663784 -2.22228194728214 -1.98943146866386 0 0 0
1
 8 0 0 0 0 0 0
 0 0.02 1505.72058348436 1505.91406288091 1.95768860327088 1.9034652290219 0.536608078185922 181.382042912557 181.382042912557 3.52936454727016 3.58994351458486 -2.23415006913699 -1.99070871732516 0 0 0
1
 8 0 0 0 0 0 0
 0 0.02 1505.72735273658 1505.92083213313 1.95768860327088 1.90295298765811 0.536608078185922 182.933173339865 182.933173339865 3.52881868737033 3.59515643314835 -2.24611386596362 -1.99177721690725 0 0 0
1
 8 0 0 0 0 0 0
 0 0.02 1505.73401069981 1505.92749009636 1.95768860327088 1.90243867325665 0.536608078185922 184.484842792897 184.484842792897 3.52827663431873 3.60032466562247 -2.25798316206742 -1.99282850198875 0 0 0
1
 8 0 0 0 0 0 0
 0 0.02 1505.74056010288 1505.93403949943 1.95768860327088 1.90192229321957 0.536608078185922 186.037050546176 186.037050546176 3.52773832789228 3.60544895002017 -2.26975903609142 -1.99386333895899 0 0 0
1
 8 0 0 0 0 0 0
 0 0.02 1505.74700358598 1505.94048298253 1.95768860327088 1.90140385484699 0.536608078185922 187.589796509584 187.589796509584 3.52720370856393 3.61053000622104 -2.28144256627146 -1.99488244928114 0 0 0
1
 8 0 0 0 0 0 0
 0 0.02 1505.75334370422 1505.94682310077 1.95768860327088 1.90088336534079 0.536608078185922 189.143080624693 189.143080624693 3.5266727181766 3.61556853654343 -2.29303481490404 -1.99588652645454 0 0 0
1
 8 0 0 0 0 0 0
 0 0.02 1505.75958293106 1505.95306232761 1.95768860327088 1.90036083180643 0.536608078185922 190.696902864084 190.696902864084 3.52614529990143 3.62056522631066 -2.30453682854904 -1.99687623722761 0 0 0
1
 8 0 0 0 0 0 0
 0 0.02 1505.76572366152 1505.95920305807 1.95768860327088 1.89983626125487 0.536608078185922 192.251263230392 192.251263230392 3.52562139819764 3.62552074439349 -2.31594963823452 -1.99785222274922 0 0 0
1
 8 0 0 0 0 0 0
 0 0.02 1505.77176821527 1505.96524761182 1.95768860327088 1.89930966060425 0.536608078185922 193.806161755798 193.806161755798 3.5251009587738 3.63043574373253 -2.32727425966729 -1.99881509966404 0 0 0
1
 8 0 0 0 0 0 0
 0 0.02 1505.77771883959 1505.97119823614 1.95768860327088 1.89878103668172 0.536608078185922 195.361598501191 195.361598501191 3.52458392855061 3.63531086183894 -2.33851169344312 -1.99976546115423 0 0 0
1
 8 0 0 0 0 0 0
 0 0.02 1505.78357771214 1505.97705710869 1.95768860327088 1.89825039622508 0.536608078185922 196.917573555598 196.917573555598 3.52407025562504 3.64014672127646 -2.34966292526024 -2.00070387793092 0 0 0
1
 8 0 0 0 0 0 0
 0 0.02 1505.78934694369 1505.98282634024 1.95768860327088 1.89771774588446 0.536608078185922 198.474087035437 198.474087035437 3.52355988923581 3.64494393012417 -2.36072892613265 -2.00163089917777 0 0 0
1
 8 0 0 0 0 0 0
 0 0.02 1505.79502858061 1505.98850797716 1.95768860327088 1.8971830922239 0.536608078185922 200.031139083829 200.031139083829 3.5230527797301 3.64970308242156 -2.37171065260433 -2.00254705344957 0 0 0
1
 8 0 0 0 0 0 0
 0 0.02 1505.80062460736 1505.99410400391 1.95768860327088 1.89664644172294 0.536608078185922 201.588729870137 201.588729870137 3.52254887853149 3.65442475859738 -2.38260904696519 -2.00345284952826 0 0 0
1
 8 0 0 0 0 0 0
 0 0.02 1505.80613694879 1505.99961634534 1.95768860327088 1.89610780077812 0.536608078185922 203.146859589188 203.146859589188 3.52204813810906 3.65910952588117 -2.39342503746463 -2.00434877723829 0 0 0
1
 8 0 0 0 0 0 0
 0 0.02 1505.81156747236 1506.00504686891 1.95768860327088 1.89556717570446 0.536608078185922 204.705528460826 204.705528460826 3.52155051194752 3.66375793870036 -2.40415953852689 -2.00523530822401 0 0 0
1
 8 0 0 0 0 0 0
 0 0.02 1505.81691799027 1506.01039738682 1.95768860327088 1.89502860788593 0.536712340391164 205.628737154839 205.628737154839 3.52125139697968 3.6664699520089 -2.41060490420225 -2.00556997582001 0 0 0
1
 8 0 0 0 0 0 0
 0 0.02 1505.84890924224 1506.04238863879 1.95768860327088 1.89174862296068 0.537984322086542 207.188147258259 207.188147258259 3.52075872961 3.6710614794734 -2.42120931895141 -2.00644437973209 0 0 0
1
 8 0 0 0 0 0 0
 0 0.02 1505.88042458186 1506.07390397841 1.95768860327088 1.88845149991664 0.539250646371349 208.847858220744 208.847858220744 3.52016494225123 3.67561656806518 -2.43397061853019 -2.00507080163275 0 0 0
1
 8 0 0 0 0 0 0
 0 0.02 1505.91145957054 1506.10493896709 1.95768860327088 1.88513880337316 0.540510762564841 210.50980601873 210.50980601873 3.51957304064035 3.68013357204557 -2.44666944121335 -2.00366448890058 0 0 0
1
 8 0 0 0 0 0 0
 0 0.02 1505.94202482649 1506.13550422304 1.95768860327088 1.88181052396762 0.541764727179228 212.173941994379 212.173941994379 3.51898304878198 3.68461303299326 -2.45930490783505 -2.0022276746481 0 0 0
1
 8 0 0 0 0 0 0
 0 0.02 1505.97213066541 1506.16561006196 1.95768860327088 1.87846665060309 0.543012596029201 213.840274727822 213.840274727822 3.51839493176479 3.68905548183949 -2.47187741439824 -2.00076129020048 0 0 0
1
 8 0 0 0 0 0 0
 0 0.02 1506.00178710309 1506.19526649964 1.95768860327088 1.87510717136666 0.544254423907523 215.508812751362 215.508812751362 3.51780865546175 3.69346143794872 -2.48438734763164 -1.99926624724017 0 0 0
1
 8 0 0 0 0 0 0
 0 0.02 1506.03100386612 1506.22448326267 1.95768860327088 1.87173207353151 0.545490264610587 217.179564513327 217.179564513327 3.51722418654407 3.69783140945113 -2.49683508440288 -1.99774343922495 0 0 0
1
 8 0 0 0 0 0 0
 0 0.02 1506.0597904023 1506.25326979885 1.95768860327088 1.86834134355795 0.546720170963384 218.852538375675 218.852538375675 3.51664149246087 3.70216589356391 -2.50922099188172 -1.99619374202806 0 0 0
1
 8 0 0 0 0 0 0
 0 0.02 1506.08815589053 1506.28163528708 1.95768860327088 1.86493496709443 0.547944194843639 220.527742611555 220.527742611555 3.51606054141962 3.70646537690114 -2.52154542770339 -1.99461801454947 0 0 0
1
 8 0 0 0 0 0 0
 0 0.02 1506.11610925027 1506.30958864682 1.95768860327088 1.86151292897804 0.549162387205217 222.205185402868 222.205185402868 3.51548130236723 3.71073033577283 -2.53380874013209 -1.99301709929999 0 0 0
1
 8 0 0 0 0 0 0
 0 0.02 1506.14365915068 1506.33713854723 1.95768860327088 1.85807521323496 0.55037479810076 223.884874837752 223.884874837752 3.51490374497179 3.71496123647334 -2.54601126822385 -1.9913918229595 0 0 0
1
 8 0 0 0 0 0 0
 0 0.02 1506.17081401927 1506.36429341582 1.95768860327088 1.85462180308046 0.551581476703644 225.566818908059 225.566818908059 3.51432783960497 3.71915853555991 -2.55815334198919 -1.98974299691059 0 0 0
1
 8 0 0 0 0 0 0
 0 0.02 1506.19758205029 1506.39106144684 1.95768860327088 1.85115268091886 0.552782471329213 227.251025506753 227.251025506753 3.51375355732507 3.72332268012144 -2.57023528255503 -1.98807141774856 0 0 0
1
 8 0 0 0 0 0 0
 0 0.02 1506.22397121272 1506.41745060927 1.95768860327088 1.84766782834303 0.553977829455404 228.937502425301 228.937502425301 3.51318086986056 3.72745410803814 -2.58225740232612 -1.98637786776922 0 0 0
1
 8 0 0 0 0 0 0
 0 0.02 1506.24998925795 1506.4434686545 1.95768860327088 1.84416722613374 0.555167597742706 230.626257350999 230.626257350999 3.51260974959425 3.7315532482323 -2.59422000514575 -1.98466311543501 0 0 0
1
 8 0 0 0 0 0 0
 0 0.02 1506.27564372714 1506.46912312369 1.95768860327088 1.8406508542588 0.556351822053508 232.317297864236 232.317297864236 3.51204016954803 3.73562052091054 -2.60612338645547 -1.98292791582089 0 0 0
1
 8 0 0 0 0 0 0
 0 0.02 1506.30094195828 1506.49442135483 1.95768860327088 1.83711869187183 0.55753054747089 234.010631435749 234.010631435749 3.51147210336811 3.73965633779795 -2.61796783345424 -1.98117301104065 0 0 0
1
 8 0 0 0 0 0 0
 0 0.02 1506.32589109301 1506.51937048956 1.95768860327088 1.83357071731093 0.558703818316807 235.706265423782 235.706265423782 3.51090552531069 3.74366110236438 -2.62975362525641 -1.97939913065455 0 0 0
1
 8 0 0 0 0 0 0
 0 0.02 1506.3504980831 1506.54397747965 1.95768860327088 1.83000690809689 0.559871678169786 237.404207071256 237.404207071256 3.51034041022829 3.74763521004331 -2.64148103304899 -1.97760699205929 0 0 0
1
 8 0 0 0 0 0 0
 0 0.02 1506.37476969671 1506.56824909326 1.95768860327088 1.82642724093145 0.56103416988202 239.104463502798 239.104463502798 3.50977673355635 3.75157904844333 -2.65315032024759 -1.97579730086073 0 0 0
1
 8 0 0 0 0 0 0
 0 0.02 1506.39871252443 1506.59219192098 1.95768860327088 1.82283169169497 0.562191335596039 240.807041721811 240.807041721811 3.50921447130046 3.75549299755289 -2.66476174265157 -1.97397075123065 0 0 0
1
 8 0 0 0 0 0 0
 0 0.02 1506.42233298502 1506.61581238157 1.95768860327088 1.81922023544415 0.563343216760835 242.511948607421 242.511948607421 3.50865360002388 3.75937742993827 -2.67631554859801 -1.97212802624766 0 0 0
1
 8 0 0 0 0 0 0
 0 0.02 1506.44563733099 1506.63911672754 1.95768860327088 1.81559284640937 0.56448985414752 244.21919091137 244.21919091137 3.50809409683562 3.76323271093511 -2.68781197911432 -1.97026979822347 0 0 0
1
 8 0 0 0 0 0 0
 0 0.02 1506.46863165395 1506.6621110505 1.95768860327088 1.81194949799174 0.565631287864573 245.928775254901 245.928775254901 3.5075359393788 3.76705919883397 -2.69925126807008 -1.96839672901483 0 0 0
1
 8 0 0 0 0 0 0
 0 0.02 1506.4913218897 1506.68480128625 1.95768860327088 1.80829016276 0.566767557372591 247.640708125512 247.640708125512 3.50697910581951 3.77085724505971 -2.71063364232739 -1.96650947032188 0 0 0
1
 8 0 0 0 0 0 0
 0 0.02 1506.5137138232 1506.70719321975 1.95768860327088 1.80461481244715 0.56789870149866 249.354995873698 249.354995873698 3.50642357483597 3.77462719434542 -2.72195932189012 -1.96460866397343 0 0 0
1
 8 0 0 0 0 0 0
 0 0.02 1506.53581309333 1506.72929248988 1.95768860327088 1.80092341794674 0.569024758450302 251.071644709615 251.071644709615 3.5058693256081 3.77836938490074 -2.73322852005195 -1.9626949421999 0 0 0
1
 8 0 0 0 0 0 0
 0 0.02 1506.55762519744 1506.75110459399 1.95768860327088 1.79721594930907 0.570145765829017 252.790660699656 252.790660699656 3.50531633780743 3.7820841485749 -2.74444144354309 -1.96076892789416 0 0 0
1
 8 0 0 0 0 0 0
 0 0.02 1506.57915549579 1506.77263489234 1.95768860327088 1.79349237573704 0.57126176064345 254.512049762969 254.512049762969 3.50476459158739 3.78577181101469 -2.7555982926757 -1.95883123486103 0 0 0
1
 8 0 0 0 0 0 0
 0 0.02 1506.60040921575 1506.7938886123 1.95768860327088 1.78975266558169 0.572372779322211 256.235817667932 256.235817667932 3.50421406757387 3.78943269181766 -2.76669926148826 -1.95688246805588 0 0 0
1
 8 0 0 0 0 0 0
 0 0.02 1506.6213914559 1506.81487085245 1.95768860327088 1.78599678633764 0.573478857726306 257.961970028517 257.961970028517 3.50366474685614 3.79306710468041 -2.7777445378884 -1.95492322381262 0 0 0
1
 8 0 0 0 0 0 0
 0 0.02 1506.64210718997 1506.83558658652 1.95768860327088 1.78222470463821 0.574580031161223 259.690512300562 259.690512300562 3.5031166109781 3.79667535754244 -2.78873430379442 -1.95295409006168 0 0 0
1
 8 0 0 0 0 0 0
 0 0.02 1506.66256127063 1506.85604066718 1.95768860327088 1.7784363862502 0.575676334388737 261.421449778055 261.421449778055 3.50256964192978 3.80025775272575 -2.79966873527582 -1.95097564653854 0 0 0
1
 8 0 0 0 0 0 0
 0 0.02 1506.68275843314 1506.87623782969 1.95768860327088 1.77463179606853 0.576767801638319 263.154787589224 263.154787589224 3.50202382213918 3.80381458706995 -2.81054800269218 -1.9489884649827 0 0 0
1
 8 0 0 0 0 0 0
 0 0.02 1506.70270329886 1506.89618269541 1.95768860327088 1.77081089811059 0.577854466618283 264.890530692617 264.890530692617 3.5014791344644 3.80734615206357 -2.82137227083084 -1.94699310932808 0 0 0
1
 8 0 0 0 0 0 0
 0 0.02 1506.72240037868 1506.91587977523 1.95768860327088 1.76697365551023 0.578936362526642 266.628683873109 266.628683873109 3.50093556218596 3.81085273397135 -2.83214169904346 -1.94499013588491 0 0 0
1
 8 0 0 0 0 0 0
 0 0.02 1506.74185407626 1506.93533347281 1.95768860327088 1.76312003051165 0.580013522061614 268.369251737755 268.369251737755 3.5003930889995 3.8143346139577 -2.84285644138092 -1.94298009351332 0 0 0
1
 8 0 0 0 0 0 0
 0 0.02 1506.7610686912 1506.95454808775 1.95768860327088 1.75924998446288 0.581085977431903 270.112238711608 270.112238711608 3.49985169900869 3.81779206820657 -2.8535166467271 -1.94096352378934 0 0 0
1
 8 0 0 0 0 0 0
 0 0.02 1506.78004842211 1506.97352781866 1.95768860327088 1.7553634778091 0.582153760366674 271.857649033425 271.857649033425 3.49931137671837 3.82122536803784 -2.86412245893126 -1.93894096116335 0 0 0
1
 8 0 0 0 0 0 0
 0 0.02 1506.79879736952 1506.99227676607 1.95768860327088 1.75146047008558 0.583216902125279 273.605486751285 273.605486751285 3.49877210702798 3.82463478002021 -2.87467401693914 -1.93691293311138 0 0 0
1
 8 0 0 0 0 0 0
 0 0.02 1506.81731953874 1507.01079893529 1.95768860327088 1.74754091991044 0.584275433506717 275.355755718103 275.355755718103 3.4982338752252 3.82802056608089 -2.8851714549227 -1.93487996027954 0 0 0
1
 8 0 0 0 0 0 0
 0 0.02 1506.83561884259 1507.02909823914 1.95768860327088 1.74360478497707 0.58532938485886 277.108459587056 277.108459587056 3.49769666697982 3.83138298361217 -2.89561490240853 -1.9328425566219 0 0 0
1
 8 0 0 0 0 0 0
 0 0.02 1506.85369910405 1507.0471785006 1.95768860327088 1.73965202204626 0.586378786087416 278.863601806892 278.863601806892 3.49716046833788 3.83472228557478 -2.90600448440494 -1.930801229532 0 0 0
1
 8 0 0 0 0 0 0
 0 0.02 1506.87156405883 1507.06504345538 1.95768860327088 1.73568258693799 0.587423666664706 280.621185617183 280.621185617183 3.49662526571593 3.83803872059853 -2.91634032152787 -1.92875647996844 0 0 0
1
 8 0 0 0 0 0 0
 0 0.02 1506.88921735783 1507.08269675438 1.95768860327088 1.73169643452317 0.588464055638132 282.381214043363 282.381214043363 3.49609104589565 3.84133253307981 -2.92662253012509 -1.92670880257443 0 0 0
1
 8 0 0 0 0 0 0
 0 0.02 1506.90666256952 1507.10014196607 1.95768860327088 1.72769351871481 0.589499981638498 284.143689891748 284.143689891748 3.49555779601857 3.84460396327656 -2.9368512223993 -1.9246586857921 0 0 0
1
 8 0 0 0 0 0 0
 0 0.02 1506.92390318225 1507.1173825788 1.95768860327088 1.72367379245887 0.590531472888129 285.90861574446 285.90861574446 3.495025503581 3.84785324740059 -2.94702650653011 -1.92260661197136 0 0 0
1
 8 0 0 0 0 0 0
 0 0.02 1506.9409426065 1507.13442200305 1.95768860327088 1.71963720772513 0.591558557208695 287.675993954124 287.675993954124 3.49449415642922 3.85108061770708 -2.95714848679429 -1.9205530574734 0 0 0
1
 8 0 0 0 0 0 0
 0 0.02 1506.957784177 1507.15126357355 1.95768860327088 1.71558371549745 0.592581262028917 289.445826638521 289.445826638521 3.49396374275482 3.85428630258182 -2.96721726368475 -1.91849849276981 0 0 0
1
 8 0 0 0 0 0 0
 0 0.02 1506.97443115485 1507.1679105514 1.95768860327088 1.71151326576365 0.593599614392082 291.218115675161 291.218115675161 3.49343425109023 3.8574705266261 -2.97723293402863 -1.91644338253662 0 0 0
1
 8 0 0 0 0 0 0
 0 0.02 1506.99088672949 1507.18436612604 1.95768860327088 1.70742580750549 0.594613640963286 292.992862695592 292.992862695592 3.49290567030449 3.86063351073891 -2.98719559110333 -1.91438818574395 0 0 0
1
 8 0 0 0 0 0 0
 0 0.02 1507.0071540207 1507.20063341725 1.95768860327088 1.70332128868782 0.595623368036594 294.770069079712 294.770069079712 3.49237798959909 3.86377547219733 -2.99710532475178 -1.91233335574155 0 0 0
1
 8 0 0 0 0 0 0
 0 0.02 1507.02323608048 1507.21671547702 1.95768860327088 1.69919965624767 0.59662882154197 296.549735949887 296.549735949887 3.49185119850411 3.86689662473445 -3.00696222149612 -1.91027934034 0 0 0
1
 8 0 0 0 0 0 0
 0 0.02 1507.03913589481 1507.23261529136 1.95768860327088 1.69506085608299 0.597630027052034 298.331864164919 298.331864164919 3.49132528687451 3.86999717861526 -3.01676636465008 -1.90822658188808 0 0 0
1
 8 0 0 0 0 0 0
 0 0.02 1507.05485638552 1507.24833578207 1.95768860327088 1.69090483304098 0.59862700978867 300.116454313897 300.116454313897 3.49080024488647 3.87307734071056 -3.02651783442989 -1.9061755173465 0 0 0
1
 8 0 0 0 0 0 0
 0 0.02 1507.07040041192 1507.26387980847 1.95768860327088 1.68673153090604 0.599619794629463 301.903506709897 301.903506709897 3.49027606303412 3.87613731456877 -3.03621670806407 -1.90412657835787 0 0 0
1
 8 0 0 0 0 0 0
 0 0.02 1507.08577077249 1507.27925016904 1.95768860327088 1.68254089238744 0.600608406113978 303.69302138352 303.69302138352 3.48975273212621 3.87917730048596 -3.04586305990159 -1.90208019131332 0 0 0
1
 8 0 0 0 0 0 0
 0 0.02 1507.10097020647 1507.29444960302 1.95768860327088 1.67833285910654 0.601592868449897 305.484998076297 305.484998076297 3.4892302432831 3.88219749557394 -3.05545696151891 -1.90003677741594 0 0 0
1
 8 0 0 0 0 0 0
 0 0.02 1507.11600139542 1507.30948079197 1.95768860327088 1.67410737158367 0.602573205518983 307.279436233907 307.279436233907 3.48870858793385 3.88519809382656 -3.06499848182546 -1.89799675274093 0 0 0
1
 8 0 0 0 0 0 0
 0 0.02 1507.13086696474 1507.32434636129 1.95768860327088 1.66986436922466 0.603549440882917 309.076334999237 309.076334999237 3.48818775781346 3.88817928618428 -3.07448768716774 -1.89596052829295 0 0 0
1
 8 0 0 0 0 0 0
 0 0.02 1507.14556948509 1507.33904888164 1.95768860327088 1.66560379030687 0.604521597789008 310.875693205313 310.875693205313 3.4876677449603 3.89114126059713 -3.08392464143226 -1.89392851006057 0 0 0
1
 8 0 0 0 0 0 0
 0 0.02 1507.16011147383 1507.35359087038 1.95768860327088 1.6613255719649 0.605489699175731 312.677509367997 312.677509367997 3.48714854171364 3.89408420208591 -3.0933094061468 -1.89190109906799 0 0 0
1
 8 0 0 0 0 0 0
 0 0.02 1507.17449539639 1507.36797479294 1.95768860327088 1.6570296501759 0.60645376767815 314.481781678531 314.481781678531 3.48663014071143 3.89700829280185 -3.10264204058035 -1.88987869142427 0 0 0
1
 8 0 0 0 0 0 0
 0 0.02 1507.18872366759 1507.38220306414 1.95768860327088 1.65271595974431 0.607413825633238 316.288507995942 316.288507995942 3.48611253488809 3.89991371208483 -3.11192260184186 -1.88786167837022 0 0 0
1
 8 0 0 0 0 0 0
 0 0.02 1507.2027986529 1507.39627804945 1.95768860327088 1.64838443428641 0.608369895085014 318.097685839172 318.097685839172 3.48559571747258 3.90280063651996 -3.1211511449772 -1.88585044632269 0 0 0
1
 8 0 0 0 0 0 0
 0 0.02 1507.21672266975 1507.4102020663 1.95768860327088 1.64403500621411 0.609321997789625 319.909312379103 319.909312379103 3.48507968198655 3.90566923999284 -3.13032772306502 -1.88384537691708 0 0 0
1
 8 0 0 0 0 0 0
 0 0.02 1507.23049798867 1507.42397738522 1.95768860327088 1.63966760671872 0.610270155220222 321.723384430275 321.723384430275 3.48456442224262 3.90851969374329 -3.13945238731081 -1.88184684704742 0 0 0
1
 8 0 0 0 0 0 0
 0 0.02 1507.2441268345 1507.43760623105 1.95768860327088 1.63466649786567 0.611214388571813 323.539898442507 323.539898442507 3.48404993234291 3.91135216641787 -3.14852518713981 -1.87985522890487 0 0 0
1
 8 0 0 0 0 0 0
 0 0.02 1507.25761012471 1507.45108952126 1.95768860327088 1.62886341592635 0.612154630417713 325.397090372129 325.397090372129 3.48351062051778 3.91416655995671 -3.1579944558052 -1.87742194408658 0 0 0
1
 8 0 0 0 0 0 0
 0 0.02 1507.27094684911 1507.46442624566 1.95768860327088 1.62206087510008 0.613090678110384 327.305667006283 327.305667006283 3.48293964411478 3.91696237342716 -3.16797339879952 -1.87443253476838 0 0 0
1
 8 0 0 0 0 0 0
 0 0.02 1507.28413523652 1507.47761463307 1.95768860327088 1.61398484049849 0.614022272126612 329.278174013221 329.278174013221 3.48232907592269 3.91973894055259 -3.17859127825741 -1.87075607312407 0 0 0
1
 8 0 0 0 0 0 0
 0 0.02 1507.29717256106 1507.49065195761 1.95768860327088 1.60423992615279 0.614949080567464 331.331905082644 331.331905082644 3.48166803069562 3.9224953853535 -3.19002479537409 -1.86621366800966 0 0 0
1
 8 0 0 0 0 0 0
 0 0.02 1507.31005475093 1507.50353414748 1.95768860327088 1.59222674893714 0.615870668968719 333.491608853898 333.491608853898 3.48094099140034 3.92523053476515 -3.2025246082148 -1.86055172869808 0 0 0
1
 8 0 0 0 0 0 0
 0 0.02 1507.32277574173 1507.51625513828 1.95768860327088 1.57697593446112 0.616786450628398 335.794422594166 335.794422594166 3.48012476761528 3.9279427746603 -3.2164632672566 -1.85339366939414 0 0 0
1
 8 0 0 0 0 0 0
 0 0.02 1507.33532632839 1507.52880572494 1.95768860327088 1.55677522648821 0.61769559878915 338.299634366505 338.299634366505 3.47918249769381 3.93062979495977 -3.2324291428264 -1.84414534457303 0 0 0
1
 8 0 0 0 0 0 0
 0 0.02 1507.34769191994 1507.54117131649 1.95768860327088 1.52819084069593 0.618596875602893 341.110187638951 341.110187638951 3.47805049114517 3.9332880925451 -3.25143082168156 -1.83178940968119 0 0 0
1
 8 0 0 0 0 0 0
 0 0.02 1507.35984750125 1507.5533268978 1.95768860327088 1.48282667495069 0.619488249828659 344.427575169703 344.427575169703 3.47660482075225 3.9359118587172 -3.27541044134429 -1.8143692054487 0 0 0
1
 8 0 0 0 0 0 0
 0 0.02 1507.37174363839 1507.56522303494 1.95768860327088 1.39142727720074 0.620365838908816 348.725609117459 348.725609117459 3.47455636655372 3.93848989664338 -3.30883000648239 -1.78739473512605 0 0 0
1
 8 0 0 0 0 0 0
 0 0.02 1507.38324942982 1507.57672882636 1.95768860327088 1.25356241945148 0.621219611820462 355.523519540056 355.523519540056 3.47098991618899 3.94099308537906 -3.36542518052072 -1.73705753292692 0 0 0
1
 8 0 0 0 0 0 0
 0 0.02 1507.39417197876 1507.58765137531 1.95768860327088 1.12196532179166 0.622034680307674 364.027603423903 364.027603423903 3.46645323420465 3.94337831720894 -3.43443716036062 -1.67400863266172 0 0 0
1
 8 0 0 0 0 0 0
 0 0.02 1507.4044685854 1507.59794798195 1.95768860327088 0.997263442175726 0.622807156570491 370.826166963537 370.826166963537 3.46299934787232 3.94563488305245 -3.48469920255307 -1.62938800507806 0 0 0
1
 8 0 0 0 0 0 0
 0 0.02 1507.41420049551 1507.60767989206 1.95768860327088 0.878818373269648 0.623540972978698 375.771479125389 375.771479125389 3.46065763140638 3.94777490154858 -3.51764281647532 -1.60179443739612 0 0 0
1
 8 0 0 0 0 0 0
 0 0.02 1507.42342207588 1507.61690147242 1.95768860327088 0.766057564489303 0.624239658689328 370.986102790634 375.771479125389 3.46116611408625 3.94980883226805 -3.51056762569351 -1.61395445497661 0 0 0
1
 8 0 0 0 0 0 0
 0 0.02 1507.43236445867 1507.62584385522 1.95768860327088 0.656212351246178 0.624920328239263 355.419882329261 375.771479125389 3.46165987724749 3.95178388491301 -3.50365568368416 -1.62580402859835 0 0 0
1
 12 0 0 0 0 0 0
 0 0.02 1507.44126265495 0 1.95768860327088 0.625600724551314 0.625600724551314 0.0162319782634606 0.0162319782634606 5.05650508476073 1.60205999132796 -6.49343044863551 7.23828047031561 0 0 0
1
 12 0 0 0 0 0 0
 0 0.02 2507.44126265495 1000 1.95768860327088 0.625600724551314 0.625600724551314 0.0134239836975954 0.0162319782634606 3.84799008692874 -3.232 -0.00152493989672332 12.8315249398967 0 0 0
1
 12 0 0 0 0 0 0
 0 0.02 3507.44126265495 2000 1.95768860327088 0.625600724551314 0.625600724551314 0.0131422201669331 0.0162319782634606 3.74262958844635 -3.65344199392957 -0.160797830243591 14.0444028150675 0 0 0
1
 12 0 0 0 0 0 0
 0 0.02 4207.03489950523 2699.59363685027 1.95768860327088 0.625600724551314 0.625600724551314 0.0130202891803664 0.0162319782634606 3.69703564839696 -3.83581775412711 -0.28047811538409 14.6200225007019 0 0 0
1
 3 0 0 0 0 0 0
 0 0.02 0 0 0.135351494678842 0.135351494678842 0 0.172161167304463 0.172161167304463 3.47992282464939 -2.65314155673854 -3.11940875934377 14.5022626511901 0 0 0
1
 3 0 0 0 0 0 0
 0 0.02 1e-06 1e-06 0.135351494678842 0.135351494678842 0 0.17216116730448 0.17216116730448 3.47992282464939 -2.65314155673847 -3.11940875934382 14.50226265119 0 0 0
1
 3 0 0 0 0 0 0
 0 0.02 0 0 0.135351494678842 0.135351494678842 0 0.172161167304463 0.172161167304463 3.47992282464939 -2.65314155673854 -3.11940875934377 14.5022626511901 0 0 0
1
 3 0 0 0 0 0 0
 0 0.02 3151.61212359814 3151.61212359814 0.135351494678842 0.135351494678842 0 0.172213944227029 0.172213944227029 3.47991328287243 -2.65291349407944 -3.11956719717183 14.5018509323704 0 0 0
1
 3 0 0 0 0 0 0
 0 0.02 0 0 0.198923431604907 0.198923431604907 0 0.229411515780917 0.229411515780917 3.51779800732288 -2.25228079450448 -2.46347861929684 12.844180605558 0 0 0
1
 3 0 0 0 0 0 0
 0 0.02 1e-06 1e-06 0.198923431604907 0.198923431604907 0 0.229411515780966 0.229411515780966 3.51779800732287 -2.25228079450433 -2.46347861929695 12.8441806055578 0 0 0
1
 3 0 0 0 0 0 0
 0 0.02 0 0 0.198923431604907 0.198923431604907 0 0.229411515780917 0.229411515780917 3.51779800732288 -2.25228079450448 -2.46347861929684 12.844180605558 0 0 0
1
 3 0 0 0 0 0 0
 0 0.02 5103.46635621447 5103.46635621447 0.198923431604907 0.198923431604907 0 0.22965761954668 0.22965761954668 3.51776378972237 -2.25148637583077 -2.46408939474454 12.8428053343215 0 0 0
